5284389
5246574
5245876
5217617
5201968
5152124
4931659
4881325
4867294
4858466
4853770
4735878
4713066
4710920
4631621
4619437
4576305
4553512
4533231
4497430
4475999
4459604
4391805
4370658
4368907
4368712
4357568
4343027
4288694
4265123
4220321
4213137
4167742
4142168
4063516
4024149
3977972
3876814
3523632
3370932
3354338
2997701
2948949
2884390
2784643
2752522
2710254
2624521
2571963
2562751
2516243
2402401
2357859
2352744
2172650
2088736
2088013
2079469
2037022
2019791
2003641
1965842
1943040
1925457
1873881
1851224
1773754
1756350
1626780
1526495
1501888
1451060
1438007
1423268
1377178
1326671
1312351
1110748
919161
912604
892275
777444
747160
745766
742421
722432
715605
671825
666662
618492
614578
606956
459348
427635
372315
317887
302322
214605
154520
128476
114387
108050